270 608 B601
207 550 B602
343 479 B603
545 308 EV03B6
545 308 EV04B6
506 24 EV05B6
506 24 ST02B6
114 582 ST01B6
264 574 B501
300 532 B503
330 465 B502
441 395 B505
86 574 ST01B5
529 295 EV03B5
529 295 EV04B5
489 233 EV05B5
489 233 ST02B5
489 233 ST03B5
232 406 B411
255 378 B410
256 340 B409
266 304 B408
273 532 B415
275 384 B412
275 458 B414
276 434 B413
299 289 B405
307 237 B407
307 237 B406
377 305 B401
552 221 ST01B4
292 296 ST04B4
249 405 EV03B4
249 405 EV04B4
272 451 EV05B4
272 451 ST02B4
272 451 ST03B4
83 272 B313
118 305 B312
152 306 B311
194 306 B310
237 306 B309
267 273 B308
286 320 B307
286 433 B306
286 498 B305
286 556 B304
354 655 B303
254 688 B302
346 596 EV03B3
346 596 EV04B3
323 550 ST03B3
323 550 EV05B3
309 395 EV11B3
309 395 EV12B3
309 395 ST05B3
270 276 ST06B3
84 270 ST07B3
312 645 ST04B3
90 284 B214
90 284 B215
121 301 B213
163 302 B212
198 302 B211
242 302 B210
274 254 B209
294 443 B208
294 507 B207
330 610 B206
356 691 B201
356 691 B205
451 732 B202
451 732 B204
502 741 B203
332 548 EV05B2
332 548 ST03B2
311 581 ST04B2
317 392 EV11B2
317 392 EV12B2
317 392 ST05B2
275 262 ST06B2
90 261 ST07B2
110 270 B119
110 270 B120
134 295 B118
172 295 B117
211 295 B116
250 295 B115
279 259 B114
336 406 B113
336 438 B112
335 639 B101
352 655 B102
352 655 B 110
383 672 B103
383 672 B109
461 715 B104
461 715 B108
532 751 B105
532 751 B107
532 751 B106
109 264 ST07B1
283 263 ST06B1
322 382 EV11B1
322 382 EV12B1
322 382 ST05B1
318 533 ST04B1
335 532 EV05B1
335 532 ST03B1
358 575 EV03B1
358 575 EV04B1
202 410 105
202 599 104
247 317 107
251 632 101
276 584 108
292 584 109
182 531 EV0601
182 531 EV0701
182 531 EV0801
182 531 EV0901
182 531 EV1001
182 531 ST1101
326 493 ST0401
309 437 EV0501
309 437 ST0301
284 390 EV0101
284 390 EV0201
284 390 EV0301
284 390 EV0401
244 520 ST1001
321 582 EV1101
321 582 EV1201
321 582 ST0501
261 359 ST0901
203 580 ST1201
287 296 211 212
307 340 207
208 411 201
212 483 203
175 522 202 204
306 675 206
219 711 205
333 435 EV0602 EV0702 EV0802 EV0902
307 482 EV1002 ST1102 ST1202
250 399 ST1001
198 628 EV0102 EV0202 EV0302 EV0402
169 564 EV0502 ST0302
150 360 EV1102 EV1202 ST0502
304 365 ST1202
213 675 ST0902
346 414 326 325
435 461 327 324
487 485 328 323
522 510 329 322
570 537 330
610 562 331
653 586 332
700 607 333
746 633 334
775 654 335 336
801 897 301
801 1098 303 304
801 1028 302
714 1167 305
680 1345 306
603 1371 307
730 1373 308
587 1603 309
815 1727 310
661 1640 311
524 1569 312
424 1513 313
382 1474 314
380 1381 315
384 1228 316
386 1054 317 321
383 898 318 320
382 975 319
734 914 EV0603 EV0703 EV0803 EV0903 EV1003
794 1030 ST1103
444 1323 EV0103 EV0203 EV0303 EV0403
384 1193 EV0503 ST 0303
342 772 EV1103 EV1203 ST0503
591 1007 ST1003
315 386 ST0603
785 1709 ST0803
674 778 ST1203
503 1421 ST0903
360 414 430 429
400 440 428 431
447 465 427 432
489 490 426 433
542 516 425 434
581 549 435
629 562 424 436
666 586 423 437
714 610 438
757 628 439
796 655 440
813 692 441
820 847 401
817 925 402
817 962 403
817 1009 404
817 1050 405
817 1095 406 407
810 1430 408
766 1537 409
650 1483 410
534 1439 411
836 1727 412
676 1633 413
525 1557 414
423 1500 415
396 1465 416
398 1365 417
395 1211 418
397 1061 419
396 890 420
521 1096 421
520 894 422
326 391 ST0604
350 771 EV1104 EV1204 ST0504
606 827 ST1004
746 914 EV0604 EV0704 EV0804 EV0904 EV1004
812 1027 ST1104
456 1322 EV0104 EV0204 EV0304 EV0404
395 1195 EV0504 ST0304
838 1722 ST0804
696 779 ST1204
522 1416 ST0904
347 414 530 531
392 441 529 532
438 463 528 533
482 490 527 534
530 514 526 535
574 541 536
619 561 525 537
658 586 524 538
707 606 539
750 631 540
786 655 541
803 687 542
811 837 501
806 965 502
801 1100 503 504
751 1160 505
806 1405 506
830 1740 512
763 1561 507
718 1535 508
679 1510 509
603 1476 510
522 1446 511
669 1647 513
513 1563 514
404 1505 515
385 1479 516
385 1374 517
385 1222 518
385 1071 519
185 897 520
512 868 523
509 974 522
510 1073 521
314 387 ST0605
340 767 EV1105 EV1205 ST0505
651 1053 ST1005
736 912 EV0605 EV0705 EV0805 EV0905 EV1005
802 1027 ST1105
463 1328 EV0105 EV0205 EV0305 EV0405
388 1197 EV0505 ST0505
815 1722 ST0805
686 780 ST1205
510 1430 ST0905
331 400 629 630
377 426 628 631
426 452 627 632
469 478 626 633
514 501 625 634
561 527 635
604 549 624 636
651 574 623 637
691 595 638
745 615 639
776 645 640
793 674 641
802 849 601
802 977 602
802 1085 603 604
742 1265 605
803 1413 606
738 1548 607
636 1497 608
579 1461 609
502 1446 610
813 1741 611
671 1654 612
517 1571 613
422 1518 614
370 1485 615
375 1383 616
375 1237 617
375 1068 618
375 890 619
500 853 622
500 968 621
500 1083 620
2990 381 ST0606
326 758 EV1106 EV1206 ST0506
595 1290 ST1006
731 905 EV0606 EV0706 EV0806 EV0906 EV1006
798 1027 ST1106
439 1329 EV0106 EV0206 EV0306 EV0406
374 1191 EV0506 ST0306
806 1729 ST0806
678 770 ST1206
502 1425 ST0906
159 198 739 740
184 209 741 738
205 223 742 737
224 232 743 736
247 247 744 735
269 257 745
288 267 734 746
309 277 733 747
332 288 748
351 299 749
366 311 750
375 322 751
378 407 701
378 479 702
378 551 703 707 708 708
378 629 704 710 711
378 692 705
380 732 706
321 557 712 713 714
321 615 715 716
321 675 717
345 720 718
282 691 719
241 678 720
386 810 721
315 771 722
243 736 723
198 712 724
175 697 725
177 659 726
177 584 727
177 513 728
177 424 729
235 514 730
235 420 731
235 392 732
142 187 ST0607
159 366 EV1107 EV1207 ST0507
251 497 ST1007
343 433 EV0607 EV0707 EV0807 EV0907 EV1007
377 486 ST1107
210 623 EV0107 EV0207 EV0307 EV0407
177 565 EV0507 ST0307
387 809 ST0807
319 370 ST1207
236 670 ST0907
157 200 835 836
177 209 834 837
200 223 833 838
222 234 832 839
243 247 831 840
266 258 841
287 269 842 830
310 282 843 829
329 291 844
351 304 845
367 315 846
374 328 847
375 404 801
375 486 802
375 554 803
375 629 804
375 678 805
375 705 806
375 728 807
375 745 808
320 535 809
320 580 810
320 610 811
320 637 812
320 656 813
320 682 814
336 724 815
277 694 816
242 680 817
376 811 818
307 774 819
243 737 820
191 712 821
176 695 822
176 647 823
176 577 824
176 510 825
175 433 826
234 524 827
232 451 828
137 190 ST0608
153 369 EV1108 EV1208 ST0508
273 390 ST1008
340 436 EV0608 EV0708 EV0808 EV0908 EV1008
375 491 ST1108
207 627 EV0108 EV0208 EV0308 EV0408
174 569 EV0508 ST0308
379 811 ST0808
318 373 ST1208
233 671 ST0908
185 205 940 939
204 218 941 938
228 231 942 937
248 240 943 936
273 254 944 935
293 266 945
314 277 946 934
333 287 933 947
352 297 948
377 309 949
394 321 950
400 337 951
398 420 901
398 487 902
398 559 903 907
398 619 904 908
398 684 905 910 909 
383 743 911
361 731 912
341 718 913
317 706 914
296 695 915
268 685 916
406 817 920
335 779 921 917
275 746 922 918 919
219 717 923
202 703 924
203 654 925
201 583 926
201 513 927
201 442 928
260 423 932
260 476 931
260 530 930
167 184 ST0609
183 373 EV1109 EV1209 ST0509
325 509 ST1009
366 441 EV0609 EV0709 EV0809 EV0909 EV1009
398 496 ST1109
233 633 EV0109 EV0209 EV0309 EV0409
203 572 EV0509 ST0309
259 677 ST0909
405 815 ST0809
344 379 ST1209
260 677 ST0909
139 191 1010 1011
160 198 1009 1012
181 209 1008 1013
204 221 1007 1014
226 235 1006 1015
246 247 1005 1016
268 258 1004 1017
286 258 1003 1018
306 281 1002 1019
331 294 1001 1020
349 303 1021
366 316 1022
383 336 1023
295 256 1024
400 374 1025
401 397 1026
401 419 1027
403 442 1028
403 468 1029 1040
403 493 1030
403 516 1031
403 538 1032
403 541 1032 1041
403 564 1033 1042
403 587 1034
403 613 1035
403 635 1036 1043
403 661 1037
403 684 1038 1044
403 702 1039 1045
351 515 1046
361 539 1047
361 562 1048
361 589 1049
361 613 1050
361 637 1051
361 661 1052
361 685 1053
138 193 ST0610
344 439 EV0610 EV0710 EV0810 EV0910 EV1010
364 514 ST1110
320 374 ST1210
129 195 1111 1110
149 200 1112 1109
169 213 1113 1108
189 225 1114 1107
211 236 1115 1106
231 249 1116 1105
253 259 1117 1104
273 271 1118 1103
295 283 1119 1102
315 296 1120 1101
337 305 1121
352 318 1122
369 337 1123
337 357 1124
382 378 1125
386 398 1126
387 423 1127
387 445 1128
387 470 1129 1137
387 493 1130
387 515 1131
387 540 1132 1138
387 565 1133 1139
387 590 1134
387 612 1135
387 626 1136 1140
347 610 1145
347 590 1144
347 564 1143
347 540 1142
347 515 1141
128 194 ST0611
327 438 EV0611 EV0711 EV0811 EV0911 EV1011
350 515 ST1111
364 375 ST1211
117 195 1210 1211
133 201 1212 1209
153 214 1208 1213
173 225 1207 1214
194 236 1206 1215
212 248 1205 1216
231 259 1204 1217
249 270 1203 1218
268 280 1202 1219
290 294 1201 1220
304 301 1221
319 313 1222
333 331 1223
343 350 1224
347 368 1225
349 387 1226
351 407 1227
350 427 1228
350 450 1229 1234
350 469 1230
350 492 1231
350 511 1232 1233 1235
310 497 1236
117 194 ST0612
298 421 EV0612 EV0712 EV0812 EV0912 EV1012
312 487 ST1112
328 365 ST1212